0,0
13,21
0,0
0,0
19,26
0,0
21,28
4,21
0,0
0,0
9,20
17,21
0,0
20,28
0,0
10,19
5,19
6,18
8,20
13,21
22,29
12,21
4,18
9,18
18,23
10,19
26,30
0,0
18,23
8,17
5,17
3,17
80,18
0,0
0,0
0,0
13,22
0,0
21,27
0,0
10,19
0,0
16,22
5,19
79,18
13,23
3,18
14,22
0,0
13,24
0,0
17,21
4,17
21,29
0,0
0,0
4,16
10,19
0,0
10,18
11,19
22,28
0,0
20,28
2,19
0,0
21,29
0,0
80,17
25,32
11,18
0,0
0,0
5,17
0,0
7,19
10,19
0,0
5,16
0,0
0,0
0,0
3,16
16,23
0,0
18,23
0,0
23,31
80,16
0,0
0,0
0,0
0,0
0,0
15,22
1,15
80,17
4,15
2,19
0,0
9,19
10,18
26,30
2,16
0,0
0,0
0,0
16,24
19,28
0,0
0,0
12,24
14,20
0,0
19,23
16,22
17,25
21,28
16,20
24,28
15,22
11,18
6,16
22,30
14,19
0,0
12,20
0,0
10,19
22,30
18,23
5,18
13,25
0,0
6,16
7,19
20,23
16,21
16,19
0,0
16,24
12,24
0,0
9,20
18,22
3,15
10,18
10,20
0,0
0,0
7,16
2,14
0,0
0,0
21,27
5,17
1,16
11,21
0,0
21,23
0,0
0,0
6,15
9,20
1,15
0,0
19,24
7,20
6,19
14,19
18,24
11,19
10,21
20,28
8,19
8,18
7,19
12,20
5,15
8,18
0,0
0,0
11,21
9,19
11,18
21,27
23,28
14,22
4,17
0,0
10,20
2,15
21,30
0,0
0,0
6,17
0,0
0,0
8,17
0,0
0,0
0,0
0,0
0,0
12,19
10,20
6,14
11,18
10,20
0,0
13,20
4,17
19,26
24,28
20,25
21,25
9,18
3,15
0,0
12,17
16,20
6,18
0,0
7,17
3,17
0,0
80,16
0,0
0,0
0,0
0,0
9,17
79,17
0,0
0,0
0,0
0,0
0,0
22,27
8,16
15,21
80,17
8,19
15,23
19,27
16,22
0,0
22,28
18,27
0,0
4,17
20,29
0,0
14,21
2,17
11,22
20,30
2,18
25,28
11,22
8,17
0,0
5,15
24,29
8,17
11,19
12,18
2,14
13,20
9,21
8,19
10,18
0,0
5,17
26,27
11,19
0,0
17,22
0,0
26,29
25,29
8,16
0,0
25,27
28,27
14,22
21,29
0,0
0,0
17,21
24,27
4,16
27,28
18,23
7,18
22,29
19,22
4,15
24,29
7,19
27,29
19,24
25,27
12,17
15,19
0,0
0,0
0,0
22,30
0,0
11,22
0,0
23,28
9,17
0,0
0,0
14,23
0,0
10,16
25,29
6,16
10,15
8,15
22,27
20,23
0,0
19,24
5,15
0,0
16,22
6,18
18,24
17,23
23,31
0,0
11,19
24,28
10,18
25,27
0,0
0,0
19,23
5,18
0,0
26,26
0,0
0,0
0,0
18,21
0,0
0,0
0,0
0,0
0,0
13,22
27,27
22,30
0,0
0,0
0,0
27,26
11,16
15,24
0,0
0,0
0,0
0,0
0,0
21,27
17,24
19,25
0,0
0,0
0,0
0,0
0,0
0,0
0,0
0,0
23,28
24,30
12,20
0,0
0,0
26,28
13,23
10,17
0,0
21,24
16,23
0,0
10,19
0,0
11,18
25,27
0,0
14,22
27,28
20,23
22,26
15,24
0,0
25,29
0,0
0,0
21,22
0,0
0,0
19,23
22,24
4,18
0,0
0,0
6,17
16,23
22,23
22,21
20,21
19,22
14,21
8,18
21,22
20,20
18,22
22,23
20,23
3,19
0,0
23,25
8,19
15,22
22,22
0,0
0,0
0,0
0,0
8,15
7,19
0,0
0,0
0,0
0,0
0,0
10,19
5,18
19,21
0,0
9,16
5,19
8,18
9,16
0,0
0,0
0,0
0,0
0,0
0,0
0,0
9,15
0,0
22,26
0,0
18,24
0,0
0,0
0,0
0,0
22,27
16,22
11,19
16,24
0,0
0,0
18,22
0,0
11,18
0,0
17,24
0,0
4,16
22,21
0,0
17,21
0,0
23,24
0,0
0,0
20,20
28,28
0,0
0,0
0,0
25,29
19,19
0,0
21,20
28,29
14,23
13,20
21,24
0,0
20,21
10,16
10,15
12,17
23,22
10,18
20,22
19,23
9,17
19,21
15,22
0,0
0,0
20,22
0,0
12,17
21,22
6,19
0,0
0,0
0,0
27,30
5,16
26,27
0,0
0,0
2,18
3,17
0,0
4,18
10,19
0,0
28,28
0,0
8,20
14,20
23,29
18,21
10,16
12,19
13,21
0,0
8,18
10,19
0,0
0,0
21,26
0,0
12,18
0,0
15,23
0,0
28,29
0,0
0,0
0,0
20,25
0,0
0,0
12,19
0,0
5,17
0,0
0,0
0,0
22,29
0,0
23,28
23,30
0,0
22,23
17,21
15,23
11,16
0,0
0,0
0,0
21,22
8,20
10,16
13,22
13,18
12,19
0,0
20,23
20,22
10,19
21,24
9,18
25,27
0,0
2,20
11,18
0,0
0,0
13,16
0,0
4,17
25,29
0,0
4,16
25,31
3,17
6,18
10,15
20,22
21,25
20,23
21,28
14,20
14,21
11,18
11,15
15,21
20,28
22,27
0,0
21,28
26,28
19,27
22,29
0,0
14,18
0,0
0,0
13,19
20,28
21,29
18,21
15,23
0,0
19,20
17,21
15,23
0,0
0,0
13,21
13,22
22,28
6,16
18,20
19,23
8,18
9,20
0,0
0,0
0,0
0,0
0,0
0,0
0,0
4,19
0,0
0,0
0,0
5,19
0,0
0,0
22,27
0,0
18,22
23,27
14,21
22,26
2,17
7,17
8,21
23,25
0,0
11,17
22,24
0,0
0,0
10,20
0,0
0,0
9,19
19,21
0,0
0,0
0,0
0,0
21,26
4,19
0,0
0,0
27,27
28,27
24,27
27,26
0,0
18,22
25,29
0,0
12,20
0,0
25,30
0,0
9,18
25,31
0,0
12,17
16,21
19,21
2,17
0,0
0,0
0,0
23,25
25,25
0,0
23,27
10,19
19,26
9,21
12,20
21,25
9,22
0,0
23,28
6,17
12,19
0,0
0,0
0,0
9,18
13,17
0,0
0,0
0,0
0,0
0,0
7,17
14,18
21,25
6,18
15,22
0,0
22,29
22,25
0,0
11,20
19,25
0,0
4,16
22,30
0,0
5,18
0,0
0,0
11,18
21,24
20,23
0,0
15,20
3,16
0,0
12,20
12,18
14,19
0,0
25,26
23,24
2,18
7,17
6,17
0,0
21,28
26,27
10,19
18,21
9,17
19,21
0,0
13,21
0,0
20,22
0,0
0,0
0,0
24,23
27,27
0,0
0,0
0,0
0,0
12,21
0,0
20,21
80,18
14,21
18,22
25,30
3,19
9,21
25,24
0,0
19,23
26,26
0,0
0,0
11,21
26,29
11,19
17,20
3,17
26,30
13,22
4,19
10,17
13,20
9,18
17,22
3,17
0,0
18,23
10,17
0,0
11,20
6,16
0,0
20,25
16,22
11,18
22,24
24,22
23,29
20,22
0,0
0,0
13,19
6,15
0,0
0,0
0,0
16,20
19,21
0,0
8,16
11,17
0,0
23,26
26,31
16,19
25,23
12,20
9,16
0,0
2,20
0,0
19,23
0,0
25,25
24,24
26,28
9,15
0,0
10,16
4,16
25,31
13,19
23,25
0,0
14,22
3,16
25,26
14,23
10,18
3,15
7,15
0,0
21,23
0,0
0,0
9,17
22,26
13,22
0,0
18,23
0,0
5,15
27,32
9,15
11,15
23,29
13,18
7,16
15,22
11,17
0,0
27,28
28,30
16,21
10,16
18,21
12,20
15,22
11,20
0,0
8,15
12,17
25,28
27,29
29,29
24,30
0,0
16,21
4,17
26,28
0,0
27,31
12,19
6,16
0,0
0,0
18,24
12,18
7,14
0,0
5,15
0,0
5,14
14,22
14,23
4,19
0,0
15,21
24,30
22,26
17,23
0,0
0,0
9,17
23,27
26,30
0,0
19,25
11,19
22,23
28,32
0,0
0,0
18,22
29,30
0,0
15,21
25,29
0,0
0,0
0,0
9,18
0,0
28,27
0,0
26,29
0,0
14,23
0,0
29,30
0,0
27,32
7,15
6,16
19,25
25,28
17,21
29,31
13,19
21,25
11,19
16,20
1,18
12,18
17,23
7,13
12,17
30,31
18,21
11,19
8,17
2,20
10,19
2,18
0,0
20,25
17,20
24,26
17,22
6,14
19,23
11,19
0,0
79,19
23,25
23,28
7,16
0,0
23,30
14,20
25,28
14,18
16,21
12,20
22,24
20,23
19,22
3,19
10,19
23,31
23,25
27,31
24,24
22,23
1,20
25,28
19,22
2,20
15,21
17,22
13,19
0,0
27,29
0,0
7,17
80,19
1,21
24,25
80,21
3,16
0,0
0,0
0,0
9,17
15,23
18,21
28,31
21,24
17,22
5,17
0,0
22,23
0,0
0,0
4,18
24,24
28,29
23,25
5,19
26,28
0,0
3,18
0,0
0,0
2,21
25,27
0,0
0,0
20,24
23,30
0,0
22,29
8,16
25,25
19,22
0,0
80,20
0,0
0,0
25,26
7,17
0,0
0,0
0,0
4,16
4,20
0,0
5,19
5,15
4,14
1,19
26,27
3,19
27,30
5,17
9,18
23,26
1,18
0,0
0,0
14,20
0,0
4,19
3,18
1,20
0,0
8,16
21,23
0,0
17,20
0,0
12,17
18,23
0,0
6,15
16,20
2,19
0,0
0,0
2,18
13,22
14,21
80,22
6,15
12,20
0,0
0,0
15,20
0,0
24,27
22,25
5,18
4,17
8,15
80,23
79,22
1,20
0,0
0,0
27,27
8,18
0,0
0,0
3,17
24,25
7,14
0,0
1,24
20,24
27,29
10,19
12,19
0,0
0,0
16,22
19,24
0,0
10,17
28,30
0,0
10,16
7,16
9,15
4,18
0,0
21,23
0,0
16,22
14,20
17,22
5,19
24,27
24,29
14,22
10,19
6,17
15,22
25,26
0,0
10,15
11,18
27,32
26,28
79,23
22,23
18,24
26,26
0,0
11,17
1,20
0,0
27,25
26,27
14,21
0,0
19,22
16,21
24,28
0,0
18,23
4,17
26,26
24,24
2,21
15,22
23,28
25,30
15,20
16,23
12,20
1,19
15,23
18,22
28,33
26,24
10,15
3,19
29,34
11,16
13,21
14,20
3,17
0,0
25,26
12,18
26,28
0,0
12,16
14,22
26,29
0,0
28,34
0,0
0,0
2,17
0,0
0,0
25,25
14,19
20,24
15,20
0,0
21,24
20,23
25,28
25,26
0,0
0,0
24,23
0,0
16,24
24,27
27,28
0,0
0,0
0,0
2,16
12,19
4,18
17,22
0,0
0,0
0,0
5,18
5,16
19,24
22,24
13,18
17,24
0,0
0,0
26,27
0,0
5,15
21,22
28,31
14,21
23,25
29,32
16,22
0,0
29,31
23,26
7,15
13,20
18,23
15,20
6,18
19,22
5,17
21,24
13,17
12,19
2,22
14,18
28,33
25,25
26,31
19,22
7,17
13,21
17,24
27,33
21,22
28,32
14,19
80,19
0,0
9,17
13,18
3,21
21,22
0,0
12,18
4,17
21,21
15,20
28,30
11,18
2,20
4,20
19,22
4,22
0,0
15,19
13,17
0,0
0,0
3,19
2,20
14,21
0,0
6,18
27,31
0,0
1,19
3,19
27,28
18,22
0,0
0,0
7,19
6,20
26,25
5,16
5,19
28,30
10,15
25,24
0,0
25,29
24,26
16,24
27,26
26,31
27,29
0,0
0,0
5,21
23,23
28,30
13,17
0,0
0,0
14,17
0,0
16,25
16,21
8,19
13,16
12,17
14,20
18,24
0,0
15,22
0,0
22,25
4,20
5,18
2,20
19,22
10,15
13,18
9,18
7,17
22,26
8,15
0,0
24,24
0,0
4,17
14,22
8,19
7,18
27,25
11,15
13,21
23,26
0,0
7,16
12,15
0,0
0,0
0,0
0,0
14,16
21,22
15,21
20,24
19,23
10,16
15,23
16,22
13,20
11,15
26,27
1,19
0,0
0,0
7,15
11,17
13,17
15,18
23,26
13,19
8,18
14,20
14,16
21,24
7,14
9,18
25,27
17,22
80,19
14,17
15,18
0,0
0,0
24,26
16,23
0,0
23,27
10,14
7,19
0,0
15,17
0,0
13,17
13,19
0,0
10,14
0,0
17,24
15,20
0,0
0,0
12,16
11,16
20,25
12,19
22,24
0,0
13,15
25,25
0,0
0,0
12,17
9,14
0,0
26,25
0,0
24,26
0,0
0,0
25,27
0,0
0,0
15,23
14,16
5,19
25,25
24,27
0,0
13,18
2,17
8,17
21,25
4,18
0,0
0,0
0,0
27,28
0,0
7,15
12,16
0,0
25,26
25,28
14,18
0,0
12,18
0,0
2,21
0,0
0,0
0,0
5,21
0,0
0,0
0,0
14,23
0,0
3,19
0,0
0,0
14,17
0,0
15,21
15,18
25,29
12,15
15,22
9,16
24,27
7,16
7,15
6,16
5,19
7,17
10,14
11,14
24,28
0,0
0,0
20,23
25,25
0,0
14,22
0,0
10,15
0,0
0,0
0,0
0,0
0,0
6,16
0,0
13,19
80,19
16,24
7,14
79,18
23,28
3,21
9,14
14,23
16,21
4,18
5,15
12,17
0,0
19,25
7,16
17,25
20,24
0,0
0,0
4,15
0,0
0,0
22,23
9,16
0,0
0,0
0,0
25,26
0,0
25,25
0,0
0,0
26,29
16,25
14,20
22,25
0,0
18,24
23,25
16,22
0,0
0,0
17,25
0,0
0,0
18,26
24,27
15,23
1,20
0,0
3,20
0,0
6,16
25,30
0,0
24,29
15,25
12,16
0,0
7,16
0,0
0,0
5,17
0,0
14,18
25,26
0,0
23,26
5,23
0,0
16,20
0,0
7,17
17,26
0,0
0,0
0,0
22,26
0,0
0,0
20,23
14,22
24,25
1,17
22,27
20,23
6,22
25,25
14,22
0,0
0,0
15,21
0,0
14,23
79,18
6,16
2,17
12,16
26,27
13,22
0,0
0,0
12,16
0,0
0,0
0,0
79,19
0,0
15,22
0,0
0,0
0,0
24,24
26,28
0,0
13,18
0,0
24,27
0,0
0,0
0,0
15,18
24,26
16,24
15,25
0,0
13,19
13,15
0,0
1,17
79,18
0,0
16,23
0,0
5,16
0,0
0,0
6,17
1,16
0,0
20,25
10,16
9,16
0,0
79,17
0,0
0,0
0,0
10,15
18,24
15,21
19,24
15,24
0,0
16,23
9,16
2,17
0,0
78,18
9,14
12,16
21,24
0,0
0,0
0,0
0,0
80,20
7,15
0,0
0,0
16,23
13,20
0,0
12,19
0,0
5,16
0,0
0,0
0,0
8,16
14,23
0,0
0,0
12,17
12,20
13,21
16,23
10,16
79,16
0,0
6,15
0,0
7,17
18,23
1,19
2,20
16,22
20,25
9,16
0,0
19,25
8,15
5,15
0,0
17,22
0,0
12,16
0,0
0,0
10,14
11,17
14,23
19,25
18,22
0,0
12,16
17,24
3,19
0,0
11,15
3,17
0,0
12,15
11,16
0,0
0,0
4,19
11,17
0,0
0,0
7,14
16,23
23,28
0,0
15,22
0,0
27,28
79,19
0,0
0,0
3,17
0,0
0,0
7,16
6,15
0,0
0,0
0,0
0,0
1,16
2,18
21,26
0,0
10,16
0,0
0,0
0,0
8,16
1,16
2,20
0,0
0,0
20,24
14,18
18,23
4,18
0,0
7,17
22,25
6,16
23,27
0,0
7,17
0,0
3,16
0,0
23,25
15,23
7,15
10,13
0,0
0,0
9,16
4,16
4,19
12,19
0,0
8,16
18,25
14,19
18,22
0,0
0,0
6,18
12,18
3,18
17,23
0,0
19,23
0,0
79,17
9,17
4,16
16,23
22,26
10,18
14,23
2,20
24,29
12,20
26,27
25,25
79,17
1,21
0,0
21,24
8,16
4,16
12,21
0,0
22,25
6,15
0,0
0,0
0,0
14,20
23,25
0,0
6,18
13,21
80,21
0,0
13,22
13,19
18,24
0,0
0,0
0,0
2,20
13,18
0,0
0,0
14,19
14,20
0,0
8,17
12,17
6,14
79,21
0,0
17,24
10,16
0,0
0,0
15,22
0,0
0,0
78,21
11,17
7,17
4,18
0,0
11,16
13,22
10,17
0,0
0,0
5,16
24,26
0,0
0,0
21,26
5,18
0,0
0,0
0,0
0,0
12,19
0,0
20,25
0,0
80,22
0,0
0,0
0,0
0,0
4,17
0,0
7,15
0,0
5,19
16,22
13,18
9,15
6,17
0,0
13,21
4,18
0,0
0,0
15,20
6,18
11,19
16,20
9,17
0,0
0,0
0,0
0,0
0,0
0,0
0,0
10,19
3,18
5,17
0,0
0,0
8,15
0,0
0,0
19,25
11,15
11,14
0,0
0,0
0,0
15,23
0,0
5,15
16,22
17,25
0,0
11,18
0,0
15,24
5,19
0,0
4,18
0,0
0,0
0,0
15,25
24,24
11,14
21,26
0,0
0,0
0,0
14,23
0,0
6,16
18,26
8,16
0,0
0,0
16,24
20,24
14,24
20,24
12,18
0,0
0,0
16,26
0,0
0,0
0,0
7,17
0,0
0,0
9,14
0,0
14,24
0,0
12,17
19,24
7,15
0,0
0,0
18,26
0,0
79,19
14,22
0,0
0,0
11,18
0,0
10,15
80,23
79,18
80,20
0,0
16,21
0,0
10,14
14,21
12,17
2,18
0,0
0,0
0,0
10,17
4,18
6,18
13,18
78,21
0,0
0,0
2,20
17,24
9,16
0,0
13,20
0,0
5,20
0,0
78,19
0,0
14,19
17,23
0,0
14,18
8,16
1,18
12,17
11,18
80,20
19,24
79,18
16,24
11,16
0,0
12,17
1,21
13,19
3,20
0,0
0,0
6,16
20,24
15,24
1,17
21,26
26,27
0,0
18,25
0,0
16,22
0,0
0,0
22,24
11,15
9,15
12,16
4,20
4,17
20,24
1,18
78,19
0,0
5,16
0,0
0,0
0,0
0,0
4,16
14,18
21,24
0,0
5,20
8,15
0,0
0,0
0,0
15,19
17,25
16,26
13,19
6,15
16,21
0,0
0,0
0,0
9,14
8,17
0,0
10,14
22,26
2,21
22,25
4,20
0,0
13,19
21,25
0,0
9,16
8,18
7,15
0,0
11,18
5,15
9,18
0,0
14,18
3,16
0,0
0,0
5,16
0,0
3,18
24,29
12,16
12,19
6,18
0,0
0,0
6,16
0,0
22,27
4,20
5,18
0,0
0,0
0,0
8,19
0,0
20,23
15,24
0,0
0,0
14,20
6,14
15,19
6,13
7,17
24,24
6,19
23,29
4,18
0,0
12,15
21,27
0,0
0,0
0,0
8,20
14,20
7,16
0,0
17,23
0,0
11,16
0,0
19,23
9,14
14,24
7,18
0,0
0,0
6,20
18,23
13,18
4,19
0,0
0,0
0,0
0,0
9,16
0,0
22,29
10,16
6,15
22,26
0,0
14,18
12,19
24,27
0,0
11,15
19,25
0,0
12,20
12,15
25,26
14,21
17,22
0,0
13,15
13,18
19,23
23,29
0,0
0,0
12,16
22,24
13,19
15,23
11,19
12,18
0,0
23,25
13,22
0,0
0,0
25,28
22,26
4,15
0,0
10,14
16,22
0,0
6,19
13,23
13,15
0,0
0,0
12,17
0,0
0,0
0,0
22,27
0,0
18,22
21,24
0,0
9,19
15,21
0,0
23,24
21,26
4,14
20,23
23,26
25,26
4,18
0,0
0,0
19,24
17,22
12,23
18,22
0,0
20,23
7,17
0,0
19,22
18,23
12,21
0,0
6,19
9,17
19,24
13,16
24,25
11,20
5,16
15,21
11,18
0,0
10,19
19,25
9,20
10,17
12,22
11,17
3,17
19,22
0,0
4,15
0,0
10,20
25,27
3,15
13,24
0,0
0,0
18,23
0,0
4,20
16,23
20,22
16,21
0,0
20,24
7,17
10,16
0,0
8,17
0,0
0,0
0,0
5,19
14,22
5,17
0,0
0,0
18,24
18,21
22,23
6,20
6,18
13,23
14,24
7,17
3,16
14,25
0,0
13,24
9,18
10,19
0,0
23,28
0,0
26,27
8,18
25,28
13,20
17,24
24,26
12,22
0,0
0,0
0,0
17,22
19,21
22,23
3,18
12,23
0,0
22,22
22,27
10,19
0,0
13,23
0,0
23,21
22,26
0,0
0,0
0,0
20,25
0,0
10,21
10,15
11,20
19,23
23,28
0,0
14,22
17,23
16,21
13,22
6,15
13,24
23,29
10,15
0,0
0,0
7,19
12,17
11,20
19,22
22,25
24,24
11,15
0,0
12,18
20,25
4,17
16,21
0,0
14,21
0,0
0,0
0,0
0,0
0,0
0,0
21,27
11,22
0,0
22,23
24,25
10,19
23,26
15,22
8,18
5,15
25,24
12,20
7,17
11,20
10,19
14,22
6,18
16,21
15,22
0,0
7,19
0,0
18,23
0,0
14,22
17,23
6,19
0,0
21,26
0,0
0,0
13,16
8,18
20,26
20,23
0,0
12,15
20,27
0,0
4,16
0,0
11,14
19,24
21,28
3,17
21,26
11,16
0,0
19,26
7,19
20,23
24,25
14,16
14,22
22,26
14,23
0,0
9,16
0,0
13,22
25,24
18,24
9,17
7,16
0,0
0,0
6,17
6,14
4,16
0,0
23,25
10,16
0,0
11,16
0,0
0,0
18,22
11,20
6,14
0,0
0,0
0,0
0,0
22,23
16,23
9,19
11,17
0,0
0,0
0,0
0,0
0,0
0,0
0,0
0,0
0,0
25,25
0,0
8,18
0,0
0,0
7,16
0,0
10,15
0,0
16,24
21,23
0,0
0,0
0,0
6,14
19,24
0,0
11,22
0,0
0,0
0,0
0,0
14,23
0,0
17,23
0,0
12,18
12,20
0,0
11,19
0,0
12,21
0,0
11,17
13,23
10,19
12,18
0,0
11,17
4,17
0,0
11,15
0,0
22,26
0,0
17,23
9,14
14,22
0,0
10,17
0,0
0,0
0,0
13,19
0,0
7,20
22,22
21,22
6,18
0,0
22,23
15,22
24,27
16,22
14,23
11,20
22,25
9,14
0,0
10,13
11,15
24,27
14,24
22,24
21,24
0,0
0,0
0,0
22,25
8,16
19,22
0,0
20,23
0,0
22,27
18,23
17,23
0,0
0,0
23,23
14,25
13,21
18,24
21,22
12,22
0,0
0,0
0,0
25,25
0,0
22,26
13,20
0,0
0,0
0,0
19,23
12,22
0,0
0,0
12,21
0,0
0,0
0,0
21,25
0,0
24,27
22,22
15,21
20,23
0,0
13,20
18,24
0,0
0,0
12,24
22,21
17,22
0,0
16,22
21,24
18,21
12,21
22,24
11,18
0,0
0,0
8,16
0,0
0,0
13,24
0,0
0,0
16,24
0,0
0,0
0,0
17,24
0,0
11,22
16,22
0,0
0,0
0,0
0,0
14,22
19,23
13,21
18,24
0,0
0,0
23,23
0,0
0,0
11,16
10,17
0,0
15,22
0,0
20,23
7,14
0,0
12,22
19,23
17,24
0,0
23,28
0,0
22,25
16,22
23,22
16,21
20,22
0,0
5,17
0,0
22,23
25,27
17,22
0,0
21,24
21,22
0,0
20,22
19,22
0,0
11,22
0,0
0,0
0,0
12,21
0,0
0,0
0,0
24,28
0,0
12,20
17,24
22,23
19,21
13,20
0,0
0,0
15,21
15,25
14,22
0,0
0,0
7,18
16,22
26,26
0,0
22,25
12,19
0,0
24,24
21,25
0,0
21,23
0,0
18,23
20,23
0,0
17,22
15,21
14,20
12,16
12,18
10,18
15,25
15,20
13,21
20,26
18,22
16,21
13,22
17,21
0,0
21,22
0,0
0,0
11,20
22,27
19,22
7,18
11,17
0,0
16,22
19,26
4,17
0,0
18,25
12,19
7,16
6,14
19,23
21,27
0,0
18,26
12,18
0,0
0,0
17,24
21,24
11,15
13,18
0,0
17,25
20,23
19,22
15,21
0,0
0,0
0,0
0,0
17,22
0,0
7,18
0,0
0,0
7,19
0,0
0,0
17,21
0,0
21,24
10,16
12,20
0,0
14,21
0,0
24,28
0,0
16,22
21,27
23,29
0,0
13,23
0,0
11,17
8,17
15,20
0,0
16,23
11,17
0,0
13,23
13,18
0,0
8,18
24,25
17,22
14,18
23,26
9,17
21,24
13,19
22,24
24,24
11,19
4,16
13,16
19,24
15,20
12,18
7,20
10,17
0,0
15,23
9,16
0,0
24,28
11,17
23,29
0,0
6,18
15,18
0,0
0,0
0,0
20,23
0,0
0,0
6,20
11,19
10,17
0,0
0,0
4,17
20,22
14,18
21,22
24,27
4,18
0,0
6,14
10,15
17,24
0,0
10,17
0,0
8,16
0,0
0,0
0,0
12,17
6,19
5,14
25,27
10,17
0,0
23,23
5,17
24,29
10,19
4,15
11,18
8,20
0,0
6,16
24,22
19,22
0,0
16,24
9,17
10,19
0,0
17,22
21,21
21,24
13,20
0,0
0,0
24,26
25,26
6,20
0,0
0,0
7,20
15,21
26,27
3,16
0,0
11,19
14,19
18,24
20,25
3,15
3,18
2,18
0,0
0,0
5,16
24,23
0,0
17,25
7,16
21,26
5,17
16,24
22,23
11,20
13,21
8,18
8,16
21,22
21,21
13,22
12,21
24,24
19,24
8,17
22,23
14,21
16,26
0,0
0,0
23,22
0,0
13,22
0,0
20,24
0,0
0,0
10,20
22,23
14,21
9,18
12,21
4,16
0,0
19,25
14,19
11,19
0,0
21,24
7,18
20,25
0,0
0,0
5,14
22,24
0,0
15,24
7,16
0,0
12,22
23,25
23,23
22,21
21,25
16,22
23,21
15,23
3,17
26,27
19,24
24,24
12,20
6,20
22,23
26,29
22,24
14,23
0,0
0,0
0,0
15,21
19,26
0,0
25,25
5,19
6,18
0,0
0,0
8,20
24,22
22,20
7,19
0,0
19,23
27,26
18,26
25,23
8,21
17,26
6,17
28,25
19,22
26,27
5,18
8,18
15,23
4,15
20,24
4,19
0,0
0,0
28,24
0,0
9,19
12,21
9,21
0,0
24,25
23,22
22,22
6,18
19,23
7,21
18,22
6,14
11,19
26,25
7,15
20,21
0,0
24,25
0,0
0,0
17,23
18,22
18,24
0,0
5,18
15,21
17,22
17,24
23,21
22,23
0,0
21,22
16,20
23,24
20,20
0,0
0,0
26,23
27,22
23,25
0,0
25,26
0,0
11,21
27,26
0,0
0,0
0,0
0,0
0,0
19,22
14,21
18,25
16,23
8,20
24,24
20,23
16,24
17,21
0,0
24,23
0,0
0,0
0,0
0,0
0,0
0,0
0,0
25,23
26,23
24,26
11,22
0,0
0,0
0,0
0,0
25,22
0,0
27,25
23,24
24,24
0,0
0,0
0,0
0,0
0,0
21,24
0,0
4,16
4,15
10,20
0,0
0,0
0,0
8,16
9,18
6,22
22,23
11,20
8,19
0,0
23,24
25,22
7,15
18,26
16,24
5,18
22,23
0,0
13,20
7,22
0,0
26,21
5,16
6,16
22,25
0,0
21,22
27,24
24,21
0,0
0,0
8,16
8,22
7,20
0,0
20,23
0,0
23,22
0,0
0,0
0,0
16,22
0,0
17,21
10,18
0,0
8,17
14,20
26,22
9,20
20,25
16,20
0,0
9,17
0,0
25,20
15,21
25,19
0,0
0,0
27,25
16,20
21,23
20,21
10,17
0,0
0,0
21,24
23,24
6,22
0,0
18,23
9,21
5,19
0,0
25,21
4,17
23,21
23,24
23,25
16,19
18,21
0,0
9,23
19,23
21,23
24,20
24,25
5,21
10,17
10,19
22,22
22,24
19,21
0,0
7,23
0,0
0,0
0,0
11,21
21,22
24,22
25,25
3,17
14,21
6,18
5,22
6,21
5,15
0,0
7,21
14,19
16,22
0,0
0,0
24,20
20,23
22,21
6,20
8,18
0,0
0,0
23,23
7,16
16,19
0,0
5,19
0,0
6,15
19,23
8,22
17,21
9,16
6,15
16,23
14,18
0,0
25,21
9,20
17,20
17,21
0,0
6,19
25,26
12,19
8,15
0,0
20,22
24,23
8,14
0,0
0,0
0,0
10,16
27,23
6,17
17,23
9,19
9,17
9,21
0,0
0,0
0,0
9,22
7,19
26,22
25,21
0,0
18,21
11,19
17,22
22,23
0,0
14,21
15,21
17,23
18,24
0,0
6,15
8,17
11,21
8,20
7,18
0,0
8,21
14,19
6,23
13,19
0,0
8,22
26,25
23,22
16,22
0,0
15,19
6,20
0,0
0,0
0,0
0,0
9,23
28,23
26,21
0,0
0,0
0,0
24,23
0,0
9,20
16,20
7,24
0,0
21,22
17,19
0,0
0,0
0,0
0,0
17,24
8,18
11,19
24,22
9,23
20,24
8,17
0,0
9,22
0,0
0,0
16,21
24,24
0,0
0,0
23,23
18,20
18,19
0,0
0,0
6,21
0,0
28,23
22,21
19,22
18,22
24,25
12,19
0,0
9,18
17,20
24,22
0,0
0,0
0,0
0,0
0,0
23,24
0,0
0,0
19,23
10,21
6,22
6,19
18,24
25,26
25,22
0,0
24,22
0,0
0,0
0,0
16,24
9,19
11,20
6,17
5,17
0,0
18,20
8,16
21,21
16,19
4,18
7,18
0,0
10,18
19,21
0,0
18,24
20,21
15,20
7,24
16,22
0,0
18,22
6,19
0,0
0,0
12,21
0,0
9,20
0,0
0,0
18,19
5,16
12,22
8,16
0,0
4,17
23,24
0,0
8,21
0,0
0,0
0,0
15,21
0,0
20,20
8,22
0,0
0,0
4,19
24,26
11,20
0,0
10,21
0,0
0,0
0,0
11,20
4,20
10,22
22,21
0,0
0,0
10,21
0,0
8,19
0,0
5,19
6,16
0,0
4,19
0,0
8,23
10,19
5,21
0,0
7,19
11,20
0,0
6,16
0,0
0,0
0,0
0,0
7,16
0,0
6,19
0,0
23,21
22,24
22,22
0,0
0,0
4,16
25,26
14,21
0,0
13,20
6,17
23,23
0,0
0,0
0,0
10,21
4,21
9,18
7,20
0,0
4,18
0,0
0,0
0,0
0,0
0,0
0,0
21,23
5,17
12,20
0,0
0,0
0,0
14,21
0,0
9,20
0,0
21,24
0,0
0,0
0,0
6,23
0,0
9,21
7,22
0,0
4,15
0,0
4,22
0,0
0,0
20,24
6,21
7,20
15,21
0,0
4,22
0,0
0,0
0,0
25,20
0,0
4,23
10,20
0,0
21,23
17,21
0,0
13,22
0,0
0,0
5,22
0,0
0,0
0,0
7,20
5,24
4,20
8,21
26,22
5,18
0,0
13,20
10,20
0,0
0,0
7,18
6,20
0,0
0,0
3,22
20,24
24,26
27,20
11,20
0,0
24,22
9,21
12,22
0,0
29,20
9,22
4,21
0,0
19,19
0,0
17,22
0,0
23,24
8,21
0,0
11,20
16,20
0,0
0,0
26,21
0,0
7,18
13,21
0,0
15,22
24,20
8,18
0,0
0,0
0,0
0,0
6,21
0,0
0,0
0,0
9,20
3,24
0,0
4,25
0,0
10,22
6,17
6,22
24,25
4,26
4,21
26,23
6,19
21,25
0,0
0,0
24,23
0,0
22,23
17,22
0,0
8,21
0,0
24,22
17,19
6,22
19,22
6,17
0,0
16,20
10,23
6,20
0,0
0,0
9,20
15,23
21,23
5,19
5,20
2,23
1,23
6,21
13,23
0,0
17,19
26,22
6,24
0,0
5,25
24,19
16,19
7,21
0,0
18,23
0,0
13,21
0,0
0,0
8,22
5,24
17,20
3,25
0,0
0,0
4,21
3,20
0,0
22,24
7,18
0,0
0,0
28,21
0,0
8,19
16,19
5,17
9,23
22,22
15,22
12,21
22,22
3,21
0,0
26,23
6,19
11,21
11,20
0,0
8,20
17,21
0,0
23,24
24,20
5,26
5,22
9,19
19,22
17,23
18,24
0,0
0,0
6,20
7,21
5,18
10,23
0,0
0,0
0,0
4,20
19,25
0,0
0,0
0,0
0,0
5,21
5,26
7,24
0,0
0,0
23,24
7,21
0,0
3,25
0,0
0,0
0,0
17,20
0,0
19,20
13,20
0,0
0,0
25,19
21,22
24,24
27,21
0,0
0,0
0,0
4,23
0,0
16,20
5,21
0,0
0,0
0,0
25,25
0,0
0,0
0,0
5,23
7,18
17,22
6,19
0,0
18,20
8,20
26,23
26,19
15,20
21,24
24,19
17,22
4,24
0,0
15,19
0,0
0,0
12,20
15,22
24,24
9,21
22,24
17,21
23,23
27,19
3,22
0,0
19,22
0,0
8,19
23,25
0,0
22,22
24,19
10,19
18,23
6,24
0,0
0,0
23,21
26,23
0,0
6,23
18,24
26,24
0,0
5,24
19,25
0,0
15,22
11,21
4,26
27,24
3,21
27,20
12,21
14,22
24,20
20,25
0,0
0,0
19,24
0,0
13,22
14,21
7,20
0,0
8,23
27,23
20,22
0,0
0,0
0,0
22,22
16,21
0,0
4,25
9,22
9,21
0,0
0,0
23,21
4,24
0,0
0,0
17,21
24,22
0,0
11,22
0,0
6,25
0,0
19,21
6,18
21,24
18,22
10,22
0,0
0,0
10,23
13,21
3,26
4,27
3,24
20,22
0,0
5,25
23,23
12,21
0,0
28,21
26,24
0,0
27,23
13,23
16,20
12,21
29,20
0,0
5,23
0,0
0,0
21,23
0,0
6,23
7,25
23,22
25,22
27,24
15,22
0,0
20,24
0,0
0,0
0,0
15,23
0,0
0,0
28,23
19,20
24,23
0,0
0,0
4,25
7,21
0,0
15,23
27,20
7,21
0,0
7,26
0,0
10,22
0,0
0,0
12,23
0,0
0,0
13,22
9,23
27,24
26,22
26,21
8,24
9,24
6,20
11,22
0,0
0,0
7,24
0,0
0,0
0,0
0,0
6,23
3,22
26,25
0,0
18,20
26,19
14,22
2,22
11,23
8,23
3,21
13,21
9,22
16,22
10,23
0,0
0,0
4,24
7,23
17,23
23,24
10,21
20,22
14,22
0,0
23,22
28,19
19,23
25,21
0,0
19,21
23,21
0,0
0,0
26,18
28,19
6,24
0,0
0,0
22,22
0,0
5,18
15,20
0,0
28,19
4,24
7,24
0,0
0,0
9,24
0,0
8,25
26,17
0,0
0,0
21,22
0,0
28,18
0,0
10,21
9,21
0,0
0,0
0,0
0,0
5,24
0,0
6,23
0,0
3,21
0,0
0,0
0,0
0,0
10,22
12,23
26,23
24,22
25,21
23,20
0,0
7,20
25,20
7,25
22,21
21,21
0,0
6,22
0,0
14,23
0,0
23,19
0,0
0,0
13,23
0,0
21,19
15,20
14,22
16,19
0,0
0,0
0,0
0,0
0,0
22,20
0,0
0,0
0,0
0,0
0,0
0,0
10,24
9,23
22,18
0,0
0,0
0,0
8,23
14,21
20,20
7,26
21,24
0,0
18,22
10,21
0,0
23,19
0,0
16,22
9,23
4,19
3,22
22,20
14,22
0,0
18,23
9,21
11,23
13,21
23,19
19,24
0,0
22,20
19,22
0,0
26,23
18,23
5,20
21,20
13,23
3,20
10,23
0,0
25,19
3,21
8,23
15,23
0,0
5,20
20,24
13,21
3,18
2,20
17,23
0,0
20,21
0,0
23,19
18,22
0,0
5,18
8,22
27,23
24,21
0,0
12,22
0,0
0,0
0,0
0,0
0,0
7,23
14,21
11,22
11,23
21,22
14,21
8,25
4,20
27,24
18,21
15,21
20,21
7,21
24,22
23,22
19,22
0,0
0,0
0,0
15,21
16,20
4,24
26,20
24,19
8,26
0,0
7,26
0,0
15,20
26,24
0,0
18,20
0,0
3,22
12,23
16,19
22,21
26,22
18,19
14,21
13,21
0,0
6,26
0,0
14,22
17,20
6,25
21,22
16,21
0,0
5,24
24,21
0,0
21,20
26,23
9,22
0,0
19,19
0,0
0,0
0,0
3,21
27,24
0,0
19,21
0,0
0,0
0,0
17,21
13,21
0,0
15,22
0,0
0,0
4,20
0,0
22,20
28,22
0,0
0,0
0,0
20,21
0,0
5,17
0,0
16,22
21,19
23,19
0,0
16,20
24,20
22,20
0,0
12,23
0,0
3,19
18,20
25,20
5,17
25,23
3,20
22,21
0,0
20,20
18,21
4,24
27,22
0,0
19,21
0,0
0,0
24,22
3,21
0,0
19,19
0,0
0,0
7,24
4,20
6,19
16,20
0,0
24,23
0,0
18,20
14,23
0,0
20,20
12,21
17,21
12,20
25,24
9,23
7,20
4,23
21,19
0,0
5,17
21,18
3,23
5,22
23,22
19,19
0,0
17,22
23,19
16,21
23,20
0,0
0,0
0,0
15,21
0,0
25,21
0,0
20,20
18,18
5,19
0,0
0,0
0,0
0,0
19,19
0,0
0,0
0,0
13,21
16,19
0,0
0,0
0,0
0,0
0,0
7,21
22,21
0,0
0,0
0,0
0,0
0,0
0,0
24,23
0,0
16,20
20,18
11,21
18,20
24,21
0,0
0,0
0,0
14,22
0,0
6,23
0,0
19,17
7,23
0,0
16,19
0,0
0,0
11,23
0,0
11,24
14,20
0,0
12,22
0,0
0,0
0,0
19,19
18,17
0,0
23,23
0,0
14,20
0,0
15,20
15,19
0,0
0,0
0,0
18,20
4,24
19,17
7,18
25,21
7,21
24,23
14,22
0,0
0,0
0,0
0,0
0,0
20,20
23,23
0,0
0,0
11,23
16,21
9,21
23,20
23,21
0,0
21,21
15,19
0,0
0,0
0,0
0,0
0,0
5,25
0,0
5,19
0,0
16,20
10,21
20,18
24,21
22,20
0,0
0,0
0,0
7,20
7,22
19,19
25,21
21,19
0,0
17,19
0,0
11,21
9,20
9,22
0,0
0,0
19,17
5,20
8,21
19,16
22,19
21,20
10,20
0,0
18,19
9,19
18,20
12,23
8,20
0,0
0,0
3,23
21,20
12,21
6,21
0,0
0,0
0,0
0,0
0,0
0,0
20,17
0,0
0,0
0,0
0,0
0,0
17,19
0,0
11,20
0,0
0,0
0,0
0,0
0,0
0,0
13,20
10,20
0,0
0,0
0,0
0,0
0,0
22,19
21,22
23,19
17,21
13,20
19,19
0,0
26,21
0,0
0,0
25,20
0,0
0,0
0,0
0,0
14,21
0,0
0,0
0,0
0,0
0,0
0,0
24,19
0,0
0,0
21,21
0,0
7,21
24,23
26,22
8,19
3,22
11,22
0,0
25,24
0,0
22,21
0,0
10,22
26,24
0,0
17,19
9,20
15,21
0,0
0,0
25,19
7,19
0,0
0,0
0,0
0,0
3,24
0,0
11,20
0,0
19,20
0,0
17,19
0,0
11,19
27,22
26,19
0,0
0,0
23,18
15,19
21,20
25,18
23,18
2,24
16,20
13,20
8,18
0,0
0,0
0,0
0,0
6,19
0,0
10,21
8,20
6,20
26,18
11,19
0,0
0,0
27,18
3,21
0,0
21,18
11,18
0,0
18,22
12,22
0,0
0,0
0,0
0,0
26,17
26,22
26,24
6,22
0,0
0,0
0,0
0,0
0,0
0,0
0,0
18,22
26,21
0,0
0,0
0,0
16,20
0,0
7,21
25,20
23,23
0,0
0,0
0,0
0,0
0,0
0,0
0,0
23,19
7,19
23,20
0,0
12,20
15,18
20,20
17,19
0,0
27,19
14,19
14,18
0,0
13,18
0,0
22,20
26,25
0,0
0,0
16,17
0,0
0,0
0,0
22,18
12,19
8,20
9,18
18,18
0,0
0,0
27,24
0,0
0,0
26,26
10,20
0,0
21,21
0,0
26,26
0,0
16,17
0,0
20,21
18,19
23,19
12,20
17,17
0,0
7,22
12,20
27,19
16,17
25,17
23,19
25,19
19,20
17,20
17,21
12,20
18,20
21,19
14,19
9,19
0,0
26,27
0,0
28,24
10,20
16,17
0,0
0,0
0,0
25,27
26,20
9,19
0,0
0,0
0,0
0,0
15,19
25,27
19,20
0,0
26,19
0,0
0,0
20,19
21,20
0,0
0,0
5,24
0,0
24,20
0,0
9,21
7,19
27,26
28,25
0,0
0,0
22,18
27,27
0,0
5,21
5,22
0,0
0,0
20,19
29,26
25,17
0,0
8,18
0,0
0,0
7,24
23,18
26,19
25,21
26,20
24,19
23,17
24,20
18,18
19,18
28,24
24,24
13,20
0,0
18,17
22,20
0,0
26,20
20,18
23,20
0,0
13,18
27,24
0,0
15,17
8,18
0,0
12,18
5,24
0,0
0,0
17,18
8,23
23,22
27,27
0,0
21,18
8,20
16,19
0,0
0,0
24,25
0,0
28,28
0,0
0,0
0,0
25,24
0,0
23,24
0,0
22,21
17,17
22,21
22,18
13,17
6,23
14,19
0,0
0,0
26,27
18,19
0,0
10,18
26,24
0,0
22,21
21,21
0,0
7,19
22,19
0,0
9,20
7,19
0,0
17,19
0,0
22,17
14,19
0,0
9,17
18,19
17,20
4,22
23,22
0,0
19,19
0,0
13,18
0,0
14,19
22,20
26,28
0,0
18,20
0,0
10,20
23,23
0,0
24,28
0,0
12,20
24,24
13,18
25,21
0,0
0,0
6,19
4,22
25,19
17,20
22,23
0,0
25,22
0,0
0,0
23,19
0,0
0,0
18,18
3,21
0,0
20,19
15,20
0,0
0,0
10,18
0,0
23,21
21,18
0,0
20,17
0,0
6,23
24,26
0,0
11,21
9,21
0,0
0,0
16,19
19,17
0,0
10,22
11,19
18,17
25,27
6,22
0,0
0,0
20,16
12,20
22,17
0,0
18,16
22,16
20,15
13,20
17,19
24,20
7,18
23,26
0,0
0,0
0,0
6,22
18,19
19,18
16,18
21,15
0,0
18,17
0,0
25,22
7,17
0,0
22,20
21,18
5,21
15,18
0,0
11,20
17,17
21,15
0,0
24,25
0,0
23,15
18,17
15,17
16,18
24,21
25,23
12,19
14,18
11,19
17,17
4,20
16,18
0,0
0,0
25,21
24,22
0,0
21,17
18,17
24,20
6,19
9,20
0,0
10,19
0,0
25,24
0,0
23,19
0,0
24,28
0,0
0,0
15,17
0,0
24,24
12,20
14,20
0,0
0,0
25,26
0,0
15,20
25,21
0,0
0,0
11,19
12,21
0,0
0,0
0,0
18,16
0,0
19,17
26,24
20,16
0,0
22,27
0,0
0,0
14,19
0,0
8,20
0,0
13,21
11,21
0,0
12,20
0,0
17,16
24,25
0,0
9,20
10,20
16,18
0,0
24,19
25,26
0,0
12,19
26,21
25,20
19,18
22,15
0,0
23,29
0,0
0,0
21,18
18,16
13,19
0,0
0,0
15,20
0,0
22,27
18,18
26,24
14,21
21,17
0,0
19,19
17,18
0,0
0,0
13,19
20,15
26,23
26,21
23,20
21,19
0,0
9,21
22,18
7,22
7,19
8,22
22,28
25,22
0,0
20,15
22,18
0,0
11,19
0,0
21,27
0,0
24,19
0,0
0,0
0,0
14,18
19,16
10,21
0,0
15,19
27,24
22,17
16,17
22,16
0,0
22,14
9,20
0,0
14,18
18,18
25,19
6,18
5,20
24,18
13,20
0,0
0,0
10,21
19,18
0,0
11,21
20,17
0,0
18,17
19,18
0,0
26,24
0,0
16,19
24,20
0,0
18,19
18,20
14,20
0,0
27,25
8,22
7,18
0,0
23,18
19,15
5,19
28,25
6,17
17,18
16,17
19,15
0,0
0,0
18,19
0,0
9,20
22,16
29,25
0,0
25,17
0,0
0,0
0,0
0,0
0,0
30,25
10,21
13,21
0,0
26,18
0,0
28,27
4,19
5,20
0,0
22,15
21,16
12,21
0,0
7,21
0,0
7,17
13,22
22,16
24,23
21,15
26,22
21,15
0,0
22,15
28,24
26,18
10,20
23,17
0,0
0,0
0,0
9,20
0,0
21,16
19,17
0,0
0,0
11,19
4,19
12,21
18,17
0,0
19,18
21,14
0,0
24,17
0,0
23,16
0,0
20,18
0,0
7,22
13,19
27,27
0,0
0,0
0,0
12,19
21,16
0,0
10,19
21,18
0,0
16,17
6,17
11,18
16,19
0,0
0,0
20,17
12,18
0,0
18,19
0,0
17,20
0,0
0,0
0,0
24,25
0,0
0,0
28,27
7,16
0,0
8,18
20,17
21,18
26,20
20,17
24,23
0,0
10,18
24,16
19,17
10,21
0,0
9,17
12,17
0,0
20,18
11,19
8,22
18,17
0,0
0,0
0,0
26,27
19,18
18,16
23,18
0,0
25,17
28,28
6,22
26,17
22,18
0,0
25,19
17,20
20,19
8,20
25,18
0,0
23,18
9,20
16,20
23,16
24,21
14,18
9,20
0,0
0,0
0,0
15,17
0,0
13,17
0,0
11,17
0,0
27,26
0,0
21,16
16,18
21,15
0,0
26,20
27,28
0,0
0,0
24,25
0,0
26,21
0,0
0,0
24,19
0,0
0,0
0,0
0,0
0,0
0,0
0,0
15,19
22,16
27,19
0,0
0,0
7,18
25,17
13,16
6,23
21,16
24,22
0,0
13,18
25,20
18,18
0,0
12,18
0,0
19,17
11,17
26,19
29,25
19,17
27,21
25,20
28,27
28,24
13,17
20,19
0,0
22,16
26,18
0,0
19,17
26,16
19,16
18,18
26,23
0,0
0,0
13,19
10,18
0,0
0,0
14,18
0,0
21,18
5,21
6,22
0,0
0,0
26,27
23,18
0,0
0,0
7,18
27,21
17,20
24,16
15,18
0,0
0,0
0,0
12,17
26,19
19,16
22,17
0,0
0,0
14,19
0,0
24,24
27,27
28,27
12,16
0,0
0,0
0,0
6,21
0,0
27,23
4,20
0,0
26,17
28,23
0,0
0,0
0,0
13,19
19,19
0,0
0,0
19,20
0,0
24,18
0,0
15,18
0,0
16,18
0,0
11,20
0,0
0,0
0,0
0,0
10,18
22,18
17,20
0,0
18,19
15,19
0,0
11,19
27,19
25,20
0,0
24,20
0,0
21,18
12,19
0,0
0,0
0,0
14,19
0,0
16,18
0,0
0,0
5,19
23,19
25,22
14,19
16,20
6,18
0,0
0,0
0,0
0,0
0,0
16,17
26,21
22,17
30,25
0,0
28,21
20,16
9,21
0,0
20,19
0,0
0,0
0,0
0,0
9,22
18,18
10,23
14,20
0,0
0,0
0,0
16,17
21,16
22,16
0,0
0,0
7,20
0,0
10,18
7,18
21,17
24,21
0,0
17,20
0,0
0,0
0,0
26,22
15,19
26,27
9,19
13,20
22,16
23,17
0,0
15,17
25,19
22,18
23,20
0,0
20,18
19,19
8,20
0,0
11,20
11,21
23,17
6,19
0,0
21,18
0,0
8,21
6,21
15,17
11,19
13,20
21,19
25,20
0,0
17,20
22,19
0,0
10,21
0,0
0,0
13,21
0,0
0,0
16,20
0,0
12,20
28,24
0,0
0,0
0,0
9,19
0,0
0,0
24,21
22,20
0,0
0,0
11,20
15,19
0,0
0,0
23,21
8,17
29,22
0,0
25,22
17,19
6,20
0,0
11,19
23,19
0,0
0,0
0,0
26,22
23,18
30,25
0,0
20,18
24,25
0,0
16,18
0,0
27,22
0,0
0,0
7,21
0,0
0,0
18,18
0,0
27,21
24,26
0,0
28,23
26,22
0,0
0,0
25,20
20,20
0,0
0,0
0,0
0,0
0,0
0,0
0,0
0,0
21,19
25,22
0,0
26,21
0,0
6,18
8,17
20,18
0,0
0,0
22,19
0,0
0,0
21,18
30,24
0,0
0,0
0,0
25,19
23,19
0,0
20,20
0,0
0,0
0,0
0,0
26,20
0,0
24,20
22,21
0,0
24,23
9,17
0,0
0,0
0,0
0,0
10,17
11,22
24,21
7,16
14,20
23,22
0,0
0,0
0,0
25,21
13,22
13,19
12,21
0,0
18,18
25,22
14,21
6,19
12,20
12,19
8,16
21,19
6,19
0,0
20,20
28,23
0,0
13,18
22,22
0,0
17,20
21,21
0,0
21,19
26,27
8,19
13,20
10,19
22,23
22,19
8,18
12,21
25,21
26,21
14,18
17,18
0,0
9,21
0,0
18,18
14,18
0,0
0,0
0,0
27,28
0,0
11,21
28,27
28,28
0,0
0,0
25,20
20,18
19,17
21,18
0,0
29,27
0,0
13,21
0,0
8,21
18,17
7,21
15,19
0,0
0,0
0,0
0,0
22,18
0,0
27,27
14,20
9,19
24,26
23,21
12,20
0,0
30,26
0,0
14,21
21,20
17,17
13,20
0,0
15,19
0,0
28,24
19,18
15,21
17,17
0,0
12,20
0,0
24,22
10,20
18,18
0,0
0,0
23,19
0,0
0,0
16,19
0,0
0,0
20,17
0,0
0,0
27,23
23,22
16,17
0,0
13,20
0,0
0,0
26,27
8,17
18,18
23,18
0,0
25,22
0,0
19,17
17,16
23,22
0,0
22,20
22,21
25,27
21,20
6,19
0,0
0,0
24,21
20,19
12,21
28,26
9,18
26,22
7,17
19,16
0,0
17,15
0,0
29,27
0,0
0,0
14,22
0,0
0,0
0,0
7,17
21,21
11,20
0,0
21,16
8,20
22,20
25,21
27,26
19,17
19,15
21,19
23,20
0,0
16,16
22,16
23,22
18,14
16,15
0,0
16,14
15,21
23,17
7,17
0,0
16,21
15,20
0,0
15,16
17,17
11,20
22,16
17,15
17,13
18,16
23,22
0,0
20,15
0,0
21,18
9,19
15,20
0,0
0,0
0,0
19,16
0,0
20,15
19,19
10,19
19,16
15,16
0,0
20,20
0,0
22,16
0,0
8,17
10,21
24,23
7,16
7,19
20,17
7,20
0,0
0,0
0,0
0,0
0,0
0,0
0,0
0,0
18,16
18,18
13,20
15,21
0,0
0,0
11,19
0,0
0,0
23,19
17,20
10,18
0,0
24,24
9,17
14,20
10,20
0,0
12,19
13,22
22,20
15,19
14,22
26,27
0,0
29,27
22,18
20,20
25,22
11,21
24,20
27,23
17,16
15,15
25,21
12,20
0,0
17,17
7,20
0,0
20,17
26,22
16,20
0,0
0,0
0,0
19,20
22,21
15,18
0,0
12,19
15,17
0,0
15,21
6,20
19,18
30,26
0,0
18,18
5,19
24,25
15,16
14,17
0,0
26,22
24,24
14,20
0,0
11,20
8,18
10,20
21,21
24,22
14,16
20,16
13,21
0,0
0,0
6,21
15,21
28,23
5,19
0,0
24,25
23,22
18,19
0,0
25,24
27,22
0,0
27,27
20,19
6,17
21,22
24,23
0,0
27,28
15,17
0,0
22,20
24,25
19,20
0,0
18,20
28,27
0,0
28,28
23,20
11,21
30,28
0,0
0,0
25,27
13,20
27,25
0,0
0,0
13,17
0,0
0,0
25,22
0,0
0,0
0,0
24,23
0,0
0,0
0,0
0,0
12,20
0,0
9,20
7,21
20,19
19,22
0,0
15,18
14,18
20,19
20,22
14,19
19,16
18,15
16,16
0,0
0,0
5,20
0,0
0,0
0,0
16,18
17,18
0,0
0,0
27,27
20,15
0,0
29,29
0,0
18,18
0,0
16,19
0,0
18,15
26,26
20,20
13,18
0,0
17,19
26,24
18,18
24,25
27,28
23,23
0,0
0,0
28,29
0,0
21,20
4,19
20,18
0,0
0,0
30,28
7,18
0,0
0,0
0,0
0,0
9,21
0,0
18,19
22,22
0,0
20,19
0,0
26,29
0,0
24,26
24,22
16,18
0,0
0,0
27,27
10,20
29,29
0,0
22,19
26,25
9,21
19,16
0,0
0,0
10,20
26,24
21,18
25,28
17,18
20,20
23,23
18,16
17,17
0,0
27,26
16,20
5,21
23,24
0,0
0,0
0,0
18,19
21,17
25,27
24,25
21,18
19,20
19,18
29,27
0,0
17,19
27,29
25,26
30,29
0,0
29,30
0,0
26,27
12,20
26,23
0,0
31,30
15,20
21,19
22,23
9,21
28,31
21,21
0,0
0,0
30,30
7,20
0,0
32,29
13,19
30,28
0,0
24,25
29,31
0,0
0,0
25,23
25,22
26,29
27,24
0,0
27,30
0,0
26,21
24,23
26,30
27,29
27,23
11,19
10,22
28,29
17,18
8,19
6,20
22,19
29,29
27,28
18,19
0,0
0,0
0,0
19,19
0,0
0,0
0,0
21,18
27,22
10,19
23,20
0,0
25,29
0,0
26,23
27,26
0,0
9,19
28,26
0,0
23,24
12,20
17,18
16,18
20,18
25,24
0,0
26,29
21,17
0,0
0,0
0,0
0,0
7,22
0,0
24,23
25,24
21,16
0,0
0,0
19,19
0,0
0,0
17,19
10,18
24,23
15,19
23,22
7,22
14,21
14,19
18,19
17,18
0,0
25,27
0,0
0,0
22,23
10,20
25,22
0,0
27,28
0,0
29,27
0,0
15,18
0,0
6,21
23,22
25,24
26,25
0,0
23,21
26,22
0,0
22,22
0,0
0,0
0,0
0,0
27,23
19,16
0,0
0,0
0,0
0,0
0,0
0,0
10,20
11,20
0,0
21,18
0,0
22,24
0,0
26,25
27,28
0,0
0,0
0,0
0,0
22,18
19,18
0,0
16,18
0,0
0,0
0,0
15,18
14,18
0,0
0,0
25,25
18,17
27,29
29,29
26,26
21,19
0,0
13,18
22,18
24,21
0,0
11,20
17,17
27,25
0,0
22,22
16,19
0,0
0,0
16,17
25,24
23,21
0,0
0,0
0,0
0,0
0,0
13,19
26,23
19,16
0,0
22,20
22,17
12,20
0,0
20,16
17,16
23,18
23,20
23,23
12,21
7,18
0,0
25,22
0,0
0,0
0,0
0,0
0,0
23,19
0,0
14,19
0,0
21,18
0,0
26,23
6,21
24,23
0,0
28,24
0,0
26,22
19,18
28,24
22,18
18,17
0,0
0,0
0,0
22,19
14,17
24,21
0,0
0,0
22,21
27,21
0,0
16,18
9,19
13,18
15,18
21,19
23,19
0,0
0,0
0,0
0,0
0,0
16,18
0,0
0,0
12,18
0,0
10,21
25,29
0,0
0,0
29,27
0,0
0,0
0,0
27,26
20,17
0,0
22,16
0,0
0,0
0,0
26,25
26,22
27,21
19,18
0,0
22,21
0,0
27,27
0,0
9,20
24,19
25,20
23,18
25,20
26,23
26,31
0,0
21,18
0,0
0,0
0,0
0,0
14,19
19,18
5,21
26,27
28,25
27,20
0,0
20,17
10,19
0,0
0,0
18,18
26,21
25,23
0,0
27,19
0,0
0,0
19,18
0,0
0,0
28,25
25,22
0,0
0,0
17,17
0,0
0,0
24,22
28,23
26,28
23,22
25,26
12,20
0,0
0,0
0,0
29,23
0,0
0,0
0,0
27,21
0,0
22,20
25,25
0,0
0,0
16,18
13,20
0,0
0,0
7,23
0,0
10,19
27,21
0,0
0,0
24,21
13,21
0,0
0,0
22,21
0,0
8,20
14,20
10,19
26,27
9,19
9,21
14,20
28,24
10,18
0,0
6,22
21,22
9,23
25,21
